1: 1, 3, 6, 2, 4, 2113, 2095, 2108, 2114, 2153, 2152, 2096, 235, 2118, 2090, 2190, 2091, 110, 2109, 2112
2: 6, 2, 3, 2127, 2077, 1, 4, 2113, 2182, 2096, 1014, 2123, 2122, 2128, 2114, 2095, 2011, 65, 2108, 66
3: 3, 2095, 4, 6, 2096, 2, 32, 2152, 247, 246, 8, 2190, 82, 2113, 71, 2108, 83, 160, 1, 107
4: 3, 2095, 4, 6, 2, 2152, 2096, 32, 8, 71, 2077, 246, 82, 2190, 247, 2113, 243, 1, 161, 2127
6: 6, 54, 4, 230, 1, 38, 3, 2, 2113, 2108, 2095, 39, 2096, 2153, 2114, 161, 2152, 235, 56, 63
8: 8, 9, 109, 108, 107, 2154, 34, 2114, 2233, 2152, 2115, 35, 2153, 2075, 2116, 2113, 2100, 2106, 2163, 243
9: 8, 107, 109, 108, 9, 2114, 34, 2115, 2233, 2154, 35, 2075, 2116, 2152, 2113, 2106, 2153, 6, 2100, 2127
13: 2139, 2138, 2186, 2168, 13, 2099, 1141, 2020, 2227, 2144, 52, 238, 2176, 2192, 2228, 112, 2191, 2048, 30, 2178
19: 111, 43, 2167, 4, 33, 2236, 112, 40, 107, 2042, 2114, 152, 6, 2020, 82, 239, 1, 241, 2113, 2100
20: 20, 2042, 2227, 21, 2041, 2047, 2228, 2229, 19, 2048, 2179, 29, 2186, 80, 2191, 2020, 1141, 2168, 42, 2139
21: 20, 21, 2042, 2227, 2041, 2228, 2229, 2047, 19, 2048, 29, 80, 2186, 2020, 2179, 2191, 1141, 2139, 42, 2138
26: 27, 26, 2084, 57, 2107, 54, 55, 61, 2106, 110, 2185, 2157, 62, 59, 219, 2091, 2090, 2112, 2111, 2127
27: 26, 27, 54, 57, 2084, 55, 61, 2107, 110, 2106, 2185, 2157, 2112, 59, 62, 2111, 2124, 2125, 38, 219
29: 4, 29, 6, 1144, 3, 116, 78, 162, 2075, 71, 81, 33, 2095, 32, 1141, 2041, 122, 83, 160, 70
30: 31, 30, 54, 231, 1, 43, 40, 239, 41, 42, 161, 2091, 4, 2128, 2084, 238, 2090, 1145, 32, 224
31: 31, 30, 54, 231, 1, 43, 40, 239, 41, 161, 4, 1144, 2128, 2091, 1145, 32, 53, 224, 2090, 2084
32: 31, 30, 54, 231, 1, 43, 40, 239, 41, 42, 161, 2091, 4, 2128, 2084, 238, 2090, 1145, 32, 224
33: 2095, 9, 33, 82, 32, 2152, 3, 4, 246, 2048, 2044, 247, 8, 47, 2144, 243, 71, 2096, 2190, 6
34: 34, 8, 109, 108, 2163, 9, 2154, 2233, 2114, 2115, 2113, 2102, 107, 35, 2075, 2106, 2116, 2153, 163, 161
35: 34, 108, 8, 109, 9, 2154, 2163, 2233, 2114, 2115, 35, 107, 2106, 2075, 2113, 2116, 2153, 2102, 163, 161
36: 37, 81, 78, 2153, 2220, 2233, 2152, 234, 2154, 114, 36, 232, 2221, 2222, 83, 52, 32, 246, 82, 2226
37: 81, 78, 2233, 246, 2153, 83, 2220, 2152, 2161, 241, 37, 80, 82, 107, 36, 84, 2154, 232, 240, 32
38: 38, 230, 2049, 1032, 2182, 213, 162, 39, 212, 81, 83, 78, 61, 2183, 2157, 2118, 2091, 53, 2107, 2079
39: 38, 230, 2049, 1032, 162, 213, 2182, 39, 212, 81, 83, 61, 78, 2183, 2157, 1141, 63, 53, 2107, 1144
40: 247, 246, 40, 41, 2129, 70, 160, 2126, 161, 2185, 37, 71, 230, 218, 27, 2140, 231, 2167, 2221, 51
41: 247, 40, 246, 41, 2129, 2185, 70, 161, 37, 2126, 218, 160, 230, 71, 2140, 27, 2167, 231, 2221, 62
42: 42, 43, 2099, 2152, 2153, 2186, 2227, 2191, 2020, 2041, 2145, 2106, 2179, 2229, 1145, 2166, 2139, 2228, 2138, 2168
43: 42, 43, 2099, 2152, 2153, 2227, 2186, 2020, 2139, 2191, 2041, 2145, 2138, 2179, 2229, 1145, 2106, 2166, 2228, 2168
44: 48, 2044, 44, 2172, 47, 2043, 2174, 45, 2173, 2239, 1143, 111, 112, 160, 239, 2167, 51, 60, 2082, 58
45: 48, 2044, 44, 2172, 47, 2043, 2174, 45, 2173, 1143, 2239, 111, 112, 160, 239, 2082, 2167, 51, 60, 53
47: 48, 2044, 47, 2174, 2173, 2172, 44, 2043, 2239, 1143, 111, 45, 112, 160, 239, 2167, 51, 60, 2137, 2082
48: 48, 2044, 47, 2174, 2173, 2172, 44, 2043, 1143, 2239, 45, 111, 160, 112, 239, 2167, 51, 60, 2137, 2082
51: 51, 52, 2174, 219, 37, 234, 110, 2222, 56, 227, 2221, 153, 60, 235, 2157, 70, 2175, 27, 2177, 1038
52: 52, 51, 2174, 153, 63, 79, 9, 56, 2175, 2177, 155, 2159, 21, 2171, 62, 242, 243, 83, 29, 70
53: 54, 53, 31, 30, 230, 161, 38, 39, 231, 40, 43, 1, 4, 2107, 239, 2079, 62, 41, 1144, 2091
54: 54, 53, 31, 161, 30, 230, 38, 39, 231, 43, 40, 2091, 1, 239, 2079, 2090, 4, 41, 1144, 2082
55: 55, 64, 56, 226, 1029, 65, 57, 239, 63, 61, 62, 67, 227, 1007, 2219, 1005, 2218, 2183, 2221, 80
56: 64, 56, 65, 55, 226, 1029, 57, 63, 67, 239, 62, 61, 227, 1007, 2218, 1005, 2158, 2183, 80, 2219
57: 38, 230, 54, 39, 161, 57, 62, 60, 61, 2156, 110, 1143, 127, 219, 2240, 237, 2219, 241, 83, 79
58: 58, 26, 27, 2181, 53, 54, 59, 113, 51, 2090, 56, 2091, 2107, 42, 2084, 2106, 133, 2118, 57, 2112
59: 59, 113, 58, 51, 63, 2181, 56, 2090, 2091, 42, 54, 2107, 57, 2, 2118, 2106, 26, 13, 53, 55
60: 54, 58, 27, 60, 26, 53, 38, 2221, 39, 113, 230, 2181, 56, 2222, 63, 161, 2112, 111, 2111, 2084
61: 57, 60, 61, 62, 110, 1145, 1145, 1145, 1145, 1145, 1145, 1145, 1145, 1145, 1145, 1145, 1145, 1145, 1145, 1145
62: 62, 57, 60, 61, 110, 66, 153, 108, 63, 242, 67, 214, 29, 37, 2082, 155, 79, 9, 31, 65
63: 1005, 2181, 61, 1007, 66, 1028, 1029, 63, 57, 1006, 47, 110, 60, 62, 2018, 126, 55, 56, 247, 21
64: 65, 64, 55, 226, 1029, 56, 57, 67, 239, 63, 61, 62, 227, 2230, 1007, 2121, 2120, 1005, 2119, 66
65: 65, 64, 1029, 55, 226, 67, 56, 63, 239, 57, 61, 62, 227, 66, 2230, 1007, 1005, 108, 2121, 2183
66: 65, 1029, 64, 1005, 63, 61, 55, 226, 2181, 1007, 66, 57, 67, 1028, 56, 239, 62, 227, 47, 2230
67: 65, 1029, 64, 63, 61, 1005, 66, 226, 2181, 55, 67, 1007, 1028, 56, 57, 239, 62, 227, 47, 2230
70: 70, 160, 71, 161, 34, 246, 247, 41, 2077, 2, 40, 2102, 2219, 2095, 2129, 2108, 2127, 2109, 218, 2167
71: 71, 70, 2095, 2121, 2120, 2077, 84, 2119, 2096, 161, 160, 34, 2118, 2152, 2117, 2233, 2154, 213, 2075, 2102
77: 77, 79, 107, 83, 236, 84, 29, 108, 78, 109, 31, 8, 21, 80, 9, 162, 81, 238, 39, 2162
78: 84, 80, 83, 78, 1015, 2220, 153, 109, 36, 81, 107, 31, 2105, 2226, 2050, 2166, 2104, 77, 238, 2231
79: 80, 2154, 2233, 79, 107, 109, 2115, 2218, 2041, 20, 29, 2116, 8, 2075, 2114, 2042, 9, 2047, 155, 163
80: 80, 2233, 2154, 107, 79, 109, 2115, 2041, 20, 2218, 8, 29, 2116, 2114, 163, 2042, 2047, 9, 2075, 243
81: 82, 1015, 32, 2096, 81, 2166, 2231, 153, 35, 2050, 80, 2179, 2145, 163, 1142, 31, 1014, 2233, 1038, 2090
82: 82, 32, 81, 79, 2231, 163, 109, 162, 115, 108, 80, 2101, 9, 243, 63, 242, 67, 66, 1142, 78
83: 84, 83, 109, 78, 107, 2220, 36, 2226, 81, 77, 80, 2105, 2104, 241, 236, 238, 2100, 2162, 115, 2114
84: 83, 2226, 84, 78, 236, 2101, 80, 2105, 81, 2162, 77, 238, 2020, 2100, 2104, 2220, 79, 109, 2021, 82
85: 2061, 2065, 2067, 2063, 2064, 2066, 2060, 2058, 2052, 2059, 2055, 2053, 2051, 1013, 85, 1012, 220, 2171, 111, 2232
107: 8, 109, 108, 9, 2154, 2233, 34, 2115, 2153, 35, 2116, 107, 83, 77, 2020, 39, 2101, 2114, 81, 2021
108: 34, 8, 109, 108, 35, 107, 9, 2115, 2233, 2154, 38, 54, 77, 2116, 2163, 2114, 230, 161, 2153, 79
109: 34, 108, 109, 8, 35, 107, 9, 2115, 2116, 2114, 77, 2154, 2233, 2163, 2153, 2113, 2152, 2112, 2075, 2106
110: 64, 110, 65, 56, 55, 57, 1029, 226, 227, 52, 63, 60, 61, 37, 239, 51, 234, 62, 219, 67
111: 2082, 112, 2182, 111, 122, 2167, 2238, 1141, 2171, 2127, 1143, 1142, 2, 44, 53, 1014, 48, 2044, 2123, 238
112: 112, 2082, 122, 111, 1141, 1143, 2167, 1142, 2238, 2171, 2182, 1, 43, 238, 2113, 2114, 162, 161, 2169, 2168
113: 113, 59, 57, 56, 53, 58, 55, 63, 110, 62, 54, 61, 2157, 64, 65, 2090, 2109, 2095, 2171, 2108
114: 78, 114, 163, 2161, 81, 116, 162, 2219, 241, 38, 2153, 233, 32, 2220, 39, 36, 2152, 82, 2218, 66
115: 240, 241, 232, 115, 38, 233, 238, 239, 114, 2218, 37, 36, 2219, 116, 2223, 39, 2233, 2222, 2221, 82
116: 232, 114, 240, 233, 36, 241, 38, 39, 81, 2153, 37, 116, 2233, 2152, 78, 82, 2222, 2221, 238, 2218
122: 122, 2082, 112, 111, 2167, 2171, 1141, 1143, 1142, 2164, 2238, 2182, 2114, 1, 154, 43, 58, 2169, 2106, 2113
125: 2079, 213, 125, 219, 212, 218, 229, 2084, 215, 228, 58, 2, 3, 70, 71, 137, 135, 2095, 2152, 161
126: 2079, 2077, 212, 125, 229, 213, 218, 2084, 219, 2011, 126, 2048, 70, 215, 228, 2140, 3, 2142, 137, 155
127: 125, 127, 126, 128, 2035, 1036, 2219, 246, 2188, 221, 247, 6, 2182, 2234, 1027, 220, 2220, 3, 2154, 2161
128: 2077, 2182, 125, 2127, 127, 1014, 64, 2128, 65, 2123, 2011, 66, 126, 2125, 2122, 53, 48, 67, 71, 155
133: 133, 134, 1032, 1030, 221, 58, 1143, 222, 2183, 223, 215, 2079, 2095, 229, 2152, 2042, 6, 220, 2182, 1145
134: 133, 134, 214, 1141, 1030, 29, 2042, 215, 65, 1144, 67, 221, 9, 2082, 6, 66, 1032, 212, 56, 1145
135: 154, 137, 135, 136, 58, 2084, 59, 2106, 2, 113, 27, 54, 2079, 222, 2152, 223, 26, 2091, 133, 1145
136: 154, 137, 135, 136, 213, 57, 55, 2079, 56, 2106, 2107, 2152, 1141, 2084, 215, 2090, 62, 2, 2091, 27
137: 137, 154, 135, 136, 213, 155, 2052, 125, 2, 3, 138, 70, 126, 2218, 6, 153, 2079, 57, 1141, 215
138: 222, 227, 223, 154, 212, 155, 226, 229, 136, 213, 153, 2091, 2124, 2127, 2084, 228, 1036, 214, 215, 2136
152: 152, 2176, 2178, 2011, 81, 78, 2167, 2156, 2168, 1145, 111, 19, 71, 1143, 21, 47, 70, 1144, 2230, 6
153: 215, 155, 223, 214, 222, 227, 138, 212, 153, 1036, 154, 2121, 228, 226, 1141, 2124, 2137, 2233, 229, 2136
154: 137, 154, 135, 136, 2171, 1032, 220, 213, 221, 1143, 57, 55, 215, 56, 2, 27, 227, 2090, 2107, 2106
155: 153, 2122, 2112, 242, 155, 2111, 2185, 218, 2106, 84, 243, 82, 2107, 9, 126, 2123, 2153, 2152, 2220, 1141
160: 160, 70, 161, 71, 40, 246, 247, 2129, 2126, 41, 2185, 2167, 128, 230, 2175, 2177, 218, 21, 51, 2140
161: 160, 70, 161, 71, 34, 247, 40, 2102, 246, 2167, 2126, 2129, 41, 2177, 2175, 230, 2237, 55, 218, 2185
162: 163, 2219, 1015, 162, 2161, 153, 241, 114, 115, 2166, 38, 2096, 116, 2050, 2233, 233, 39, 1014, 66, 80
163: 2161, 114, 163, 38, 39, 2020, 162, 2021, 2198, 2219, 82, 241, 2101, 32, 115, 2240, 116, 233, 1013, 238
212: 213, 2084, 212, 2079, 218, 219, 133, 2090, 2110, 2107, 225, 2108, 2109, 2106, 215, 2091, 224, 228, 58, 229
213: 213, 212, 2084, 219, 2079, 218, 2107, 2090, 133, 2110, 2108, 2109, 2106, 2091, 215, 224, 225, 228, 229, 2157
214: 215, 214, 212, 227, 229, 222, 223, 228, 226, 2121, 2120, 2119, 2136, 2137, 2127, 2124, 213, 155, 2152, 138
215: 215, 214, 212, 227, 229, 223, 228, 222, 2121, 2120, 2119, 2136, 226, 2137, 2127, 2124, 213, 1144, 155, 37
218: 218, 219, 2079, 2185, 213, 212, 58, 229, 125, 2084, 2171, 39, 2159, 133, 2176, 2178, 59, 215, 2157, 128
219: 219, 2159, 218, 2185, 9, 58, 59, 55, 125, 57, 2157, 2079, 153, 155, 29, 6, 1141, 67, 21, 2048
220: 220, 221, 222, 223, 224, 227, 225, 214, 133, 134, 112, 226, 2167, 2125, 234, 2221, 213, 43, 215, 1145
221: 220, 221, 223, 222, 214, 37, 62, 227, 213, 65, 1141, 2082, 242, 67, 126, 79, 215, 2171, 63, 212
222: 222, 223, 214, 212, 227, 215, 229, 228, 2121, 2124, 226, 2120, 2119, 2136, 2137, 2127, 213, 155, 225, 3
223: 214, 223, 222, 212, 227, 215, 229, 228, 2121, 2124, 2120, 2119, 2136, 226, 2137, 2127, 213, 1141, 37, 155
224: 225, 222, 224, 223, 213, 1032, 112, 212, 62, 221, 220, 2157, 55, 227, 53, 38, 54, 57, 3, 1145
225: 225, 224, 222, 223, 62, 214, 213, 37, 63, 31, 1141, 79, 65, 1144, 61, 212, 153, 67, 56, 53
226: 227, 226, 214, 222, 223, 215, 229, 136, 212, 154, 2091, 213, 2084, 228, 2124, 2136, 2127, 2157, 2107, 224
227: 227, 226, 214, 215, 222, 223, 229, 136, 212, 154, 213, 2091, 228, 2084, 2124, 2136, 2107, 2127, 2157, 155
228: 228, 229, 215, 214, 227, 223, 2078, 222, 212, 2119, 2120, 2121, 213, 2137, 2179, 226, 2124, 2145, 2220, 2136
229: 228, 229, 215, 214, 227, 222, 212, 2078, 223, 2119, 213, 2120, 2121, 2137, 2179, 226, 2124, 1144, 2145, 155
230: 60, 48, 51, 47, 230, 2044, 52, 44, 1143, 234, 2124, 2172, 2174, 231, 19, 45, 2043, 56, 37, 84
231: 47, 2044, 230, 48, 44, 51, 60, 84, 45, 2172, 1143, 2043, 2185, 231, 39, 19, 2174, 78, 2123, 81
232: 233, 116, 232, 39, 241, 240, 112, 128, 227, 2158, 2140, 41, 58, 67, 2, 38, 44, 2078, 2152, 215
233: 233, 116, 232, 39, 240, 241, 128, 227, 112, 2158, 2140, 215, 43, 67, 213, 1144, 214, 2, 2078, 41
234: 235, 234, 2226, 42, 215, 35, 83, 2, 36, 2180, 107, 214, 162, 2191, 114, 233, 8, 81, 9, 2233
235: 235, 234, 2226, 215, 35, 83, 42, 2, 36, 2180, 107, 214, 162, 2191, 114, 233, 8, 81, 9, 2233
236: 236, 77, 243, 2166, 2116, 237, 107, 242, 2114, 238, 108, 31, 230, 2192, 2180, 161, 2115, 2170, 1144, 2191
237: 236, 243, 77, 2166, 237, 242, 107, 2116, 2114, 31, 108, 238, 230, 2180, 2192, 161, 2115, 2170, 231, 1144
238: 239, 238, 2186, 2227, 2191, 2179, 2020, 2042, 2041, 2229, 42, 1145, 2168, 2166, 2228, 2139, 2170, 2048, 2138, 19
239: 2227, 239, 238, 2041, 2020, 2229, 2139, 2228, 2042, 2048, 2186, 2191, 1144, 42, 2082, 19, 2179, 67, 66, 2107
240: 240, 241, 232, 233, 238, 38, 116, 115, 239, 2218, 37, 230, 114, 2222, 36, 39, 2219, 2223, 2233, 2221
241: 240, 241, 232, 233, 238, 115, 37, 239, 2218, 116, 38, 230, 2222, 114, 39, 2219, 2223, 2233, 36, 2221
242: 242, 243, 1145, 1145, 1145, 1145, 1145, 1145, 1145, 1145, 1145, 1145, 1145, 1145, 1145, 1145, 1145, 1145, 1145, 1145
243: 242, 243, 66, 62, 153, 108, 63, 67, 214, 29, 37, 2082, 155, 79, 9, 31, 65, 2231, 162, 1145
246: 40, 247, 41, 2113, 2114, 4, 2118, 246, 2129, 161, 2106, 2100, 2107, 70, 2152, 1, 2091, 2090, 2101, 160
247: 247, 246, 40, 41, 70, 71, 161, 2127, 2129, 2126, 1014, 160, 2182, 2123, 2185, 230, 37, 2128, 2077, 27
2011: 152, 2011, 1143, 2077, 2140, 2142, 2167, 2232, 2049, 82, 2055, 52, 2050, 2156, 2048, 6, 215, 155, 2075, 2091
2018: 2018, 2041, 20, 2042, 2047, 2181, 21, 2048, 2145, 1010, 1038, 2218, 2156, 2185, 77, 2111, 2108, 9, 56, 128
2020: 2042, 2020, 43, 2186, 2145, 2191, 2227, 2041, 2228, 2166, 42, 2170, 1145, 2229, 2168, 2139, 2169, 2173, 2179, 2048
2021: 2021, 13, 2138, 21, 2168, 112, 29, 111, 122, 1141, 2190, 2041, 80, 79, 2218, 162, 2042, 2227, 63, 1144
2035: 2035, 27, 47, 213, 2136, 26, 2075, 44, 2141, 212, 2044, 53, 163, 2107, 128, 2078, 29, 9, 1141, 155
2041: 2018, 2041, 20, 2042, 2047, 2181, 21, 2048, 2145, 1010, 1038, 2218, 2156, 2185, 77, 2111, 2108, 9, 56, 128
2042: 2018, 2041, 20, 2042, 2047, 21, 2181, 2048, 2145, 1010, 2218, 1038, 9, 2156, 56, 63, 62, 214, 29, 1141
2044: 48, 2044, 47, 44, 2043, 45, 2172, 2174, 2173, 1144, 1143, 236, 243, 237, 1013, 2239, 1028, 9, 239, 53
2047: 2041, 80, 2042, 29, 70, 2047, 20, 1141, 2048, 161, 160, 162, 79, 2044, 155, 19, 2082, 243, 43, 58
2048: 29, 2041, 2042, 80, 160, 20, 161, 33, 2106, 2047, 43, 2, 70, 243, 2082, 242, 2048, 111, 1144, 2116
2050: 2077, 2140, 2050, 2011, 2232, 2142, 1014, 2049, 1026, 1027, 52, 1015, 44, 1143, 224, 2177, 2175, 2055, 2078, 125
2051: 2051, 2052, 2066, 2055, 2063, 2065, 2064, 2060, 2061, 40, 2137, 2053, 161, 2067, 2058, 2059, 2078, 1033, 30, 2
2052: 2052, 2051, 2055, 2064, 2061, 2063, 2060, 2058, 2067, 1033, 2137, 40, 2065, 2053, 2078, 2, 2140, 2141, 2066, 2059
2053: 2053, 2055, 2060, 2058, 2065, 2052, 2051, 2064, 2061, 2063, 2059, 2067, 2066, 2078, 30, 31, 1, 112, 2042, 225
2055: 2055, 2061, 2063, 2064, 2067, 2060, 2058, 2052, 2053, 2065, 2066, 2051, 2059, 112, 1033, 30, 31, 2078, 4, 1
2058: 2058, 2061, 2063, 2067, 2060, 2064, 2055, 2052, 2065, 2066, 2059, 2051, 2053, 1033, 30, 220, 31, 2078, 231, 1
2059: 2059, 2061, 2063, 2065, 2064, 2060, 2058, 2067, 2053, 2055, 1, 2066, 30, 2052, 31, 161, 2078, 2051, 231, 1033
2060: 2060, 2063, 2061, 2067, 2064, 2055, 2058, 2065, 2052, 2066, 2059, 2051, 2053, 30, 1033, 220, 31, 231, 2140, 2078
2061: 2061, 2063, 2067, 2060, 2064, 2055, 2058, 2065, 2052, 2066, 2059, 2053, 30, 220, 2051, 2078, 31, 231, 1, 85
2063: 2063, 2067, 2060, 2061, 2064, 2055, 2058, 2052, 2065, 2066, 2059, 2053, 220, 2051, 30, 31, 2078, 231, 1, 85
2064: 2064, 2065, 2061, 2067, 2063, 2058, 2055, 2060, 2052, 1033, 2066, 2059, 220, 2123, 2053, 2140, 30, 2078, 31, 2125
2065: 2065, 2064, 2058, 2060, 2055, 2061, 2063, 2067, 2059, 2052, 2066, 2053, 30, 225, 1, 2051, 31, 231, 1145, 239
2066: 2066, 2067, 2051, 2065, 2061, 2064, 2063, 2055, 2058, 2060, 2059, 30, 2052, 1, 31, 2053, 2163, 2153, 231, 2152
2067: 2067, 2063, 2061, 2060, 2064, 2058, 2066, 2055, 2065, 2052, 2059, 2053, 30, 220, 2051, 2078, 1033, 31, 231, 1
2075: 2075, 2136, 2141, 109, 2121, 2119, 2120, 2142, 2035, 2077, 2118, 108, 137, 2117, 213, 2096, 231, 9, 2226, 2225
2077: 2077, 2140, 2011, 2050, 2232, 2142, 52, 2049, 1143, 44, 2175, 224, 2055, 2177, 48, 125, 2075, 61, 153, 213
2078: 2078, 2067, 85, 2065, 2063, 2061, 2055, 2059, 2064, 2058, 2232, 2060, 2052, 2066, 2053, 2051, 2123, 2125, 2140, 2128
2079: 2079, 218, 219, 2084, 213, 71, 212, 2095, 70, 58, 160, 2156, 215, 125, 161, 229, 3, 32, 78, 2152
2082: 2082, 112, 122, 111, 1141, 2167, 2171, 1142, 1143, 2238, 2182, 1, 43, 2114, 2113, 2169, 58, 2106, 238, 59
2084: 2079, 219, 2084, 218, 213, 71, 212, 2156, 215, 58, 125, 2095, 161, 160, 70, 135, 229, 2152, 78, 2106
2090: 2095, 2090, 2109, 2110, 2108, 2091, 2096, 2107, 2106, 215, 135, 2152, 2084, 2114, 2157, 138, 2156, 2113, 1141, 2218
2091: 2090, 2095, 2109, 2110, 2108, 2096, 2091, 2107, 2106, 215, 135, 2152, 2084, 2157, 138, 2156, 2114, 1141, 155, 2218
2095: 2095, 2090, 2108, 2096, 2091, 2109, 2110, 2152, 2107, 2106, 2121, 2119, 2120, 9, 135, 6, 8, 247, 32, 2190
2096: 2095, 2108, 2090, 2096, 2110, 2109, 2106, 2091, 2107, 2152, 4, 135, 3, 246, 32, 8, 243, 6, 82, 2190
2099: 2090, 2091, 2099, 2095, 2106, 2096, 2152, 2114, 43, 42, 2107, 2110, 2108, 231, 2109, 2118, 54, 2153, 163, 161
2100: 2090, 2091, 2096, 2101, 2110, 2108, 2114, 2095, 2109, 2113, 2118, 2106, 2107, 2100, 4, 40, 2152, 2117, 247, 2105
2101: 2090, 2091, 2096, 2110, 2108, 2095, 2114, 2101, 2109, 2107, 2118, 2113, 2100, 2106, 4, 40, 247, 2152, 2117, 43
2102: 2108, 2110, 2090, 2109, 2114, 2091, 2113, 2118, 2107, 2101, 2117, 2102, 2096, 2106, 2103, 2095, 41, 2105, 1, 2100
2103: 2110, 2090, 2108, 2091, 2109, 2114, 2117, 2102, 2096, 2113, 2118, 2095, 2107, 2106, 2103, 2101, 43, 2152, 2105, 41
2104: 2108, 2110, 2090, 2109, 2091, 2113, 2114, 2117, 2118, 2107, 2106, 2101, 2096, 2105, 2095, 41, 2104, 2103, 1, 2102
2105: 2110, 2108, 2090, 2109, 2091, 2118, 2113, 2117, 2114, 2096, 2095, 2106, 2107, 2104, 2105, 2101, 41, 43, 2103, 1141
2107: 2110, 2106, 2107, 2109, 2108, 2090, 2095, 2114, 2096, 2152, 2091, 2156, 109, 2115, 9, 36, 37, 163, 2113, 2116
2108: 2110, 2109, 2108, 2106, 2107, 2090, 2095, 2114, 2096, 2152, 2091, 2156, 2115, 60, 36, 2113, 109, 2116, 2111, 8
2109: 2110, 2109, 2108, 2106, 2107, 2090, 2156, 2095, 2152, 2091, 2096, 2114, 2115, 60, 36, 2113, 9, 109, 2116, 8
2110: 2110, 2106, 2107, 2109, 2108, 2095, 2090, 2091, 2096, 2114, 2152, 2156, 2113, 135, 2084, 36, 2111, 109, 9, 37
2111: 2110, 2106, 2107, 2109, 2108, 2090, 2095, 2114, 2152, 2156, 2091, 2096, 37, 2115, 109, 2128, 53, 9, 2136, 2157
2112: 2110, 2106, 2107, 2109, 2108, 2116, 2156, 2115, 2090, 2112, 2152, 1015, 2136, 2128, 8, 37, 2157, 6, 2091, 1141
2113: 2110, 2106, 2107, 2109, 2108, 2114, 2090, 2091, 2113, 2101, 2096, 2115, 2152, 2116, 2111, 2118, 6, 2117, 2156, 37
2114: 2110, 2106, 2107, 2109, 2108, 2114, 2090, 2091, 2113, 2096, 2152, 2115, 2116, 2111, 6, 2118, 43, 41, 2095, 2156
2115: 2110, 2106, 2107, 2109, 2108, 2090, 2115, 2116, 2101, 2091, 2112, 2156, 2114, 2118, 2105, 2152, 2113, 2117, 1015, 2096
2116: 2110, 2106, 2107, 2109, 2108, 2115, 2116, 2114, 2090, 2112, 2091, 2156, 2118, 2113, 2101, 43, 2152, 2117, 2096, 2103
2117: 2110, 2109, 2108, 2106, 2107, 2090, 2091, 2114, 2118, 2096, 2101, 2113, 2152, 2115, 2156, 2117, 2095, 2116, 6, 1141
2118: 2110, 2109, 2108, 2107, 2114, 2106, 2090, 2091, 2096, 2118, 2113, 2115, 2152, 43, 2101, 2156, 2116, 2111, 2095, 2117
2119: 2107, 2106, 2109, 2110, 2152, 2120, 2121, 2090, 2119, 2108, 2091, 2095, 161, 128, 71, 2156, 2096, 1141, 2153, 37
2120: 2109, 2107, 2106, 2108, 2110, 2119, 2121, 2120, 2152, 2095, 2090, 71, 2091, 128, 161, 2096, 2084, 2157, 1141, 2156
2121: 2107, 2106, 2121, 2152, 2120, 2109, 2119, 2110, 161, 71, 128, 2116, 2108, 2090, 2112, 2048, 2091, 2115, 2156, 2153
2122: 2122, 2186, 2191, 2124, 2123, 2125, 2137, 2127, 2187, 2192, 2227, 2128, 1141, 2020, 136, 2190, 1142, 2179, 2228, 1145
2123: 2122, 2124, 2123, 2137, 2127, 2125, 2128, 2227, 2186, 2191, 2020, 2179, 2041, 1145, 2228, 2229, 2169, 2170, 2043, 2173
2124: 2124, 2125, 2126, 2128, 2127, 2122, 2048, 2123, 2137, 2108, 2191, 2227, 2163, 2095, 2020, 224, 2041, 2134, 2110, 2109
2125: 2124, 2125, 2127, 2128, 2126, 2122, 2123, 2048, 2137, 2163, 2095, 2191, 224, 2227, 1026, 2219, 1027, 1142, 2020, 2108
2127: 2127, 2128, 2123, 2122, 2125, 2124, 2137, 2129, 2, 2011, 2227, 2182, 1014, 2020, 2191, 2077, 2099, 2228, 2186, 2107
2128: 2127, 2128, 2122, 2124, 2123, 2125, 2137, 2129, 2227, 2191, 2020, 2186, 2041, 2228, 2229, 2179, 42, 1141, 1145, 43
2134: 2134, 2135, 2095, 2125, 2219, 224, 1027, 1026, 2163, 1142, 2218, 243, 1143, 229, 2124, 227, 2090, 2221, 79, 67
2135: 2134, 2135, 2219, 2095, 2125, 224, 2163, 1142, 1026, 1027, 2218, 243, 229, 1143, 2124, 227, 2090, 79, 67, 56
2136: 2122, 38, 2049, 2123, 2124, 2137, 2128, 2125, 230, 1032, 2127, 138, 2136, 213, 39, 61, 78, 2182, 83, 67
2137: 2137, 2124, 2127, 2136, 2122, 215, 2123, 71, 214, 2128, 212, 2125, 2227, 1141, 2020, 222, 227, 2186, 2179, 2229
2049: 2049, 162, 2077, 2011, 2175, 2177, 2140, 213, 2142, 61, 38, 2035, 2232, 1014, 52, 108, 153, 1032, 1143, 224
2138: 2139, 2138, 2186, 2168, 13, 2099, 1141, 2227, 2020, 52, 238, 2191, 2192, 2166, 2228, 2176, 30, 2144, 2179, 2048
2139: 2082, 112, 13, 238, 2139, 2186, 122, 239, 1141, 111, 2041, 2138, 2167, 60, 2042, 1144, 2156, 1143, 63, 2048
2126: 2126, 2129, 2124, 2125, 2123, 2137, 2122, 1, 41, 2128, 40, 43, 2135, 2159, 2136, 247, 161, 2134, 2127, 2011
2129: 2129, 2126, 2127, 2123, 2122, 2128, 2137, 41, 1, 2136, 43, 40, 2159, 70, 247, 2224, 161, 2124, 2221, 218
2106: 2110, 2106, 2107, 2109, 2108, 2090, 2095, 2114, 2152, 2096, 2091, 2156, 2115, 109, 36, 2116, 37, 163, 2113, 9
2140: 2140, 2077, 2050, 2011, 2232, 52, 2049, 2142, 1143, 44, 125, 224, 2175, 2055, 2075, 2177, 61, 213, 152, 2041
2141: 2142, 2075, 2140, 2077, 52, 2011, 2232, 2049, 2141, 109, 2050, 1143, 224, 2055, 2177, 61, 108, 2175, 155, 45
2142: 2142, 2075, 2077, 2140, 52, 109, 2011, 2049, 2141, 2232, 224, 61, 48, 2050, 1143, 108, 2177, 77, 2055, 2175
2144: 2166, 1145, 2020, 108, 34, 2227, 2186, 2144, 2228, 2191, 2163, 2124, 2125, 2127, 2145, 2179, 2165, 2229, 2168, 2042
2145: 2145, 2137, 2020, 2042, 43, 2041, 2051, 2052, 21, 2107, 2227, 2099, 2186, 2180, 2223, 1145, 2128, 2106, 2156, 2228
2152: 246, 2158, 3, 32, 2156, 2152, 247, 8, 4, 2095, 6, 2218, 2154, 2190, 2195, 2194, 2236, 2153, 71, 2219
2153: 2218, 246, 2153, 32, 3, 2190, 2154, 2158, 247, 2195, 2194, 2152, 2236, 8, 71, 4, 6, 2156, 2230, 2095
2154: 2154, 2233, 2218, 246, 3, 32, 2190, 247, 2158, 2152, 2195, 2194, 2236, 8, 2153, 4, 71, 6, 2095, 2156
2156: 2156, 2108, 2090, 2158, 246, 2091, 2099, 2095, 3, 2112, 2157, 2159, 2111, 2185, 32, 219, 4, 247, 2110, 2109
2157: 2156, 2090, 2158, 246, 2152, 2095, 2157, 2108, 2091, 2099, 3, 2159, 2128, 247, 32, 8, 4, 6, 2183, 133
2158: 2156, 2158, 2020, 2090, 2042, 43, 2099, 2157, 2091, 246, 2095, 2145, 2152, 3, 2159, 8, 32, 2108, 247, 6
2159: 2159, 2156, 2158, 1, 2090, 246, 2129, 2126, 2091, 6, 2157, 2095, 2099, 2152, 2108, 3, 218, 32, 247, 8
2161: 2161, 114, 116, 81, 163, 241, 162, 233, 78, 38, 2153, 2220, 2233, 39, 36, 232, 2152, 246, 32, 82
2162: 2220, 2162, 2226, 78, 81, 36, 2221, 2104, 83, 77, 2222, 84, 2153, 39, 2223, 116, 2152, 241, 80, 2105
2163: 2163, 108, 77, 237, 2166, 2164, 2219, 236, 243, 2165, 107, 161, 230, 34, 71, 35, 2114, 2095, 227, 224
2164: 2163, 2164, 237, 2219, 2165, 243, 2166, 230, 236, 161, 2114, 108, 71, 2095, 77, 224, 227, 231, 238, 2218
2165: 2163, 2165, 237, 2219, 2164, 243, 2166, 161, 230, 236, 2114, 77, 108, 2095, 71, 224, 227, 231, 238, 2218
2166: 2163, 2219, 2166, 2165, 2164, 237, 243, 230, 236, 161, 2114, 108, 71, 107, 2095, 77, 224, 227, 238, 2192
2167: 2168, 111, 112, 2167, 13, 2082, 1141, 2139, 2138, 2238, 43, 238, 239, 42, 122, 2171, 240, 1143, 2170, 241
2168: 2168, 13, 1141, 112, 111, 2138, 2139, 1, 2170, 2082, 2167, 77, 232, 2113, 238, 2114, 122, 2186, 231, 235
2169: 2168, 2191, 2170, 2192, 1144, 2169, 2227, 1145, 2041, 2020, 2186, 2228, 2139, 2238, 2229, 2179, 19, 1141, 2048, 2106
2170: 2168, 2170, 1141, 1144, 13, 77, 122, 2139, 107, 111, 2138, 112, 2075, 243, 242, 2106, 2114, 237, 1, 44
2171: 112, 111, 1, 2167, 2082, 2171, 239, 122, 54, 1141, 43, 238, 30, 26, 2091, 57, 231, 31, 61, 243
2043: 48, 47, 2043, 2044, 44, 2173, 2172, 2174, 45, 2137, 1143, 2227, 2124, 2020, 2239, 60, 2125, 51, 2170, 2228
2172: 44, 2044, 48, 47, 2043, 2172, 45, 2173, 2091, 213, 2174, 2099, 153, 154, 1015, 60, 127, 2125, 2136, 2239
2173: 47, 2173, 48, 2044, 2174, 2043, 44, 2137, 2172, 45, 2124, 2125, 1143, 2227, 2239, 60, 9, 2020, 2179, 239
2174: 47, 48, 2044, 2174, 2173, 44, 2043, 45, 2091, 2099, 153, 2172, 154, 84, 1015, 127, 2125, 2136, 2239, 223
2175: 2082, 112, 111, 122, 2171, 2167, 2238, 1141, 1142, 2042, 1144, 1143, 2182, 2106, 43, 2110, 2091, 152, 2107, 239
2176: 2082, 122, 6, 112, 1144, 4, 1141, 111, 2167, 162, 2075, 241, 29, 2238, 2183, 1142, 116, 2171, 2182, 2042
2177: 2168, 2082, 1141, 13, 2139, 2138, 112, 2170, 2042, 111, 1144, 2106, 1, 2091, 234, 238, 240, 235, 2110, 58
2178: 2168, 4, 6, 1144, 1141, 2082, 122, 241, 2075, 13, 162, 2139, 2138, 112, 111, 3, 2042, 2170, 2167, 2183
2179: 2122, 2137, 2124, 2042, 2123, 2125, 2127, 1145, 1144, 2020, 2128, 2227, 2107, 2179, 2186, 2191, 2106, 2110, 2229, 42
2180: 2180, 236, 238, 2183, 237, 2166, 242, 1013, 77, 2192, 161, 108, 231, 234, 64, 115, 232, 240, 2186, 230
2181: 2180, 238, 236, 237, 2166, 2183, 2020, 242, 240, 77, 234, 43, 161, 231, 2114, 108, 230, 2042, 239, 115
2182: 2184, 2182, 2183, 1009, 1014, 2186, 2191, 2190, 2011, 2192, 2187, 1028, 21, 2167, 2140, 116, 241, 82, 222, 232
2183: 2184, 2182, 2183, 1009, 2191, 2186, 1014, 2192, 2119, 2120, 2121, 1028, 2190, 2118, 2077, 2117, 2187, 2011, 116, 137
2184: 2182, 2183, 2184, 1009, 2187, 2190, 2222, 2225, 2191, 2104, 2105, 1014, 2186, 1028, 2011, 2113, 2118, 2192, 116, 2231
2185: 71, 2047, 161, 70, 153, 218, 20, 2121, 2048, 2120, 127, 160, 2079, 41, 155, 2185, 2119, 2122, 2219, 21
2186: 2186, 2187, 1141, 2190, 2191, 2182, 122, 2082, 2167, 43, 2011, 1144, 242, 1142, 111, 1009, 2122, 112, 2099, 1014
2187: 2186, 2187, 2190, 13, 1141, 2222, 2191, 2225, 2182, 1142, 122, 2192, 2167, 2082, 111, 239, 1009, 2183, 242, 2011
2188: 2190, 2077, 1007, 2145, 2188, 2156, 2191, 1005, 2159, 2167, 109, 2179, 2153, 2152, 32, 2221, 246, 81, 2158, 39
2190: 137, 125, 155, 138, 2052, 154, 3, 2, 70, 126, 2218, 6, 2120, 2121, 2119, 153, 1145, 2181, 1014, 2048
2191: 2191, 2192, 2122, 2186, 2184, 2020, 2182, 2227, 1013, 2183, 2228, 2041, 2229, 2134, 1028, 2190, 42, 2099, 2107, 19
2192: 2191, 2192, 2122, 2099, 2121, 2119, 2120, 2134, 1013, 2123, 2118, 2186, 2227, 2020, 1141, 2127, 2184, 1028, 2136, 2125
2193: 2191, 2192, 2122, 2222, 2187, 13, 2020, 2225, 2184, 2186, 2190, 2104, 1013, 1145, 2227, 2182, 2183, 1028, 2105, 2179
2194: 4, 6, 3, 2, 2095, 2096, 2113, 2091, 247, 1, 2090, 2152, 2100, 2114, 2018, 2118, 107, 2101, 2232, 9
2195: 247, 246, 40, 41, 70, 4, 160, 161, 2100, 2129, 6, 2126, 230, 2091, 37, 2101, 2090, 2018, 2236, 27
2196: 6, 4, 2, 3, 2113, 34, 2102, 2108, 1, 2018, 70, 2114, 2091, 2118, 2090, 160, 2237, 71, 2156, 2096
2197: 160, 70, 71, 161, 247, 40, 34, 2102, 2167, 246, 2018, 2129, 2156, 128, 41, 2126, 2177, 2175, 2237, 21
2198: 2190, 2198, 2145, 2191, 2240, 2218, 2159, 1023, 2179, 2156, 2219, 2167, 2180, 1022, 1006, 246, 2153, 2183, 32, 2158
2218: 2218, 2220, 78, 36, 81, 246, 84, 2153, 2162, 2154, 2152, 83, 241, 2195, 2194, 39, 32, 233, 2236, 2232
2219: 2161, 2219, 163, 114, 162, 116, 2218, 2237, 38, 241, 2196, 81, 2197, 233, 2239, 2238, 78, 2220, 2153, 39
2220: 2225, 2104, 2222, 2231, 1015, 2105, 13, 153, 1145, 2187, 2113, 2117, 2118, 2166, 2050, 79, 2224, 2114, 2096, 67
2221: 235, 234, 83, 215, 2226, 42, 2, 2104, 35, 107, 2191, 114, 237, 36, 162, 8, 81, 2153, 9, 78
2222: 2222, 2225, 2104, 2224, 2117, 2118, 2105, 2113, 234, 235, 2114, 78, 2221, 2, 2187, 1145, 2231, 2226, 83, 2190
2223: 2226, 2223, 2220, 107, 2118, 235, 2104, 77, 2105, 234, 35, 8, 2113, 2117, 9, 2, 2163, 2114, 163, 34
2224: 2052, 2051, 2137, 2180, 1038, 2223, 79, 1033, 29, 2104, 227, 2188, 2185, 2059, 2165, 219, 2171, 2159, 62, 2183
2225: 2222, 2225, 2104, 2224, 2105, 79, 2051, 2117, 2052, 2118, 2137, 2113, 2223, 2180, 2114, 1038, 2187, 2221, 2188, 62
2226: 2226, 2220, 2223, 77, 2104, 2118, 2105, 107, 2163, 2117, 34, 163, 2113, 2114, 35, 2159, 109, 71, 235, 8
2227: 2227, 2048, 2047, 2041, 2158, 2020, 43, 1144, 71, 2, 2095, 2170, 2190, 2156, 20, 21, 2186, 2082, 2096, 2099
2228: 2106, 43, 30, 31, 4, 2099, 32, 40, 42, 2107, 54, 2096, 1145, 2170, 2169, 2227, 1141, 2114, 2113, 2100
2229: 43, 42, 31, 30, 1144, 2099, 54, 2170, 1145, 2227, 2020, 2228, 2128, 2186, 2122, 231, 2169, 2191, 2179, 2106
2230: 2190, 2230, 67, 66, 2179, 2231, 32, 79, 2183, 2018, 56, 65, 2220, 78, 55, 1038, 57, 238, 2218, 2228
2231: 2231, 1015, 155, 79, 153, 78, 2190, 2166, 2050, 138, 2179, 35, 2096, 1142, 66, 1027, 2233, 1026, 31, 1014
2232: 2232, 2230, 1022, 2218, 31, 2219, 21, 8, 127, 71, 153, 2231, 161, 235, 39, 136, 126, 2190, 1143, 1027
2233: 2233, 2154, 2190, 2240, 2095, 2235, 71, 3, 70, 32, 2152, 160, 161, 2218, 135, 2219, 246, 84, 2156, 78
2234: 2163, 237, 2219, 2165, 2164, 2166, 243, 230, 236, 2114, 161, 108, 2095, 77, 71, 224, 227, 231, 238, 2234
2235: 247, 246, 40, 41, 70, 4, 160, 161, 2100, 2129, 6, 2126, 230, 2091, 37, 2101, 2090, 2018, 2236, 27
2236: 2236, 2237, 2239, 2238, 36, 33, 107, 111, 37, 2113, 79, 2114, 112, 4, 2100, 237, 39, 163, 81, 40
2237: 2237, 2236, 2239, 36, 2238, 160, 163, 2102, 111, 34, 112, 70, 37, 2113, 237, 2114, 162, 2106, 39, 2082
2238: 2238, 2167, 112, 111, 36, 2237, 122, 2082, 2236, 2239, 37, 2168, 1141, 2171, 39, 1143, 2182, 237, 1142, 163
2239: 2173, 2239, 48, 44, 2043, 47, 2044, 2236, 79, 2237, 36, 2238, 237, 2172, 2174, 45, 163, 78, 37, 81
2240: 78, 2220, 81, 36, 84, 2233, 83, 77, 2162, 2240, 2218, 2226, 2235, 233, 80, 241, 116, 107, 39, 2153
1005: 1007, 1005, 1008, 1006, 21, 242, 214, 13, 1028, 80, 2180, 238, 66, 2106, 110, 239, 163, 2011, 162, 1144
1006: 1007, 1005, 1015, 80, 1008, 1006, 1014, 1026, 1027, 163, 66, 21, 153, 67, 2166, 162, 2091, 1029, 1144, 214
1007: 1007, 1005, 1008, 47, 1006, 48, 2044, 2174, 21, 214, 2137, 80, 2180, 2173, 66, 2125, 162, 163, 239, 2011
1008: 1008, 154, 2139, 56, 155, 2138, 213, 126, 1141, 2122, 212, 2091, 136, 2048, 27, 63, 6, 2123, 1144, 1145
1009: 241, 240, 1013, 1014, 53, 65, 2182, 2127, 161, 1012, 162, 163, 2, 221, 1031, 111, 1, 2077, 2123, 239
1010: 1038, 2052, 79, 2137, 2051, 2180, 29, 1010, 2223, 2035, 1033, 8, 227, 247, 2219, 6, 2018, 62, 9, 2145
1012: 1012, 1014, 2184, 2186, 2182, 1009, 2190, 2187, 2011, 2183, 21, 2140, 2167, 2219, 2218, 13, 163, 162, 67, 137
1013: 1013, 220, 2191, 239, 111, 241, 236, 2192, 65, 2122, 1031, 80, 1144, 82, 1012, 1015, 112, 2055, 1030, 1143
1014: 1014, 2182, 2011, 53, 1009, 2190, 2186, 155, 2184, 2127, 2183, 2077, 2192, 2191, 2123, 83, 2096, 2187, 2128, 2122
1015: 1013, 2182, 2127, 236, 65, 1014, 2107, 2011, 1028, 2156, 2109, 2077, 1144, 6, 67, 2128, 2, 1143, 2123, 237
1022: 1022, 1023, 1027, 1025, 1013, 2190, 111, 1031, 221, 2183, 2188, 1012, 35, 220, 232, 231, 230, 2136, 225, 1
1023: 1022, 1025, 1023, 1027, 2077, 1007, 2188, 109, 1005, 137, 32, 114, 2238, 81, 1144, 116, 2237, 77, 2236, 78
1025: 1025, 1027, 1022, 1023, 109, 81, 2239, 2229, 1012, 116, 1010, 239, 13, 80, 241, 79, 1014, 78, 2240, 39
1026: 153, 1026, 2082, 2179, 83, 43, 84, 2091, 82, 2103, 2105, 136, 233, 2, 2109, 56, 2183, 2220, 9, 2145
1027: 1022, 1023, 2188, 1027, 1025, 153, 2082, 2103, 83, 2105, 84, 2091, 82, 43, 79, 80, 2239, 56, 163, 78
1028: 1028, 2183, 111, 2191, 2182, 2184, 1013, 1, 2116, 2192, 1031, 221, 112, 2190, 1012, 35, 220, 224, 1022, 2166
1029: 1027, 1025, 1022, 1029, 1023, 2188, 53, 21, 1007, 243, 1145, 2136, 37, 161, 1141, 4, 6, 56, 239, 39
1030: 1013, 2198, 111, 1036, 1012, 1031, 1, 2065, 2061, 2063, 221, 220, 2067, 2064, 2052, 2055, 2060, 241, 2058, 232
1031: 1013, 2104, 2220, 1031, 111, 1012, 2226, 1, 2065, 2105, 2190, 2061, 2063, 2198, 2225, 2108, 2162, 2224, 2110, 2107
1032: 1032, 220, 221, 2171, 1031, 111, 1013, 1, 232, 1012, 224, 2065, 2198, 2063, 2061, 231, 234, 2052, 230, 2137
1033: 85, 2077, 2158, 2159, 2078, 2065, 2145, 2061, 2063, 2190, 2055, 2191, 2059, 2064, 2067, 2060, 1007, 2051, 2058, 2156
1036: 1036, 2192, 2233, 2154, 155, 138, 153, 154, 2011, 81, 2078, 39, 2048, 77, 2183, 2113, 2140, 1143, 8, 162
1038: 1038, 2196, 2194, 2195, 2197, 2049, 2229, 2235, 2228, 155, 2227, 2218, 1006, 9, 8, 109, 1008, 2048, 29, 21
1141: 2082, 112, 122, 1143, 111, 2167, 1141, 1144, 2238, 2171, 1142, 2182, 2176, 2178, 238, 43, 223, 222, 237, 2044
1142: 1142, 111, 2082, 2167, 112, 1143, 122, 152, 231, 1141, 2238, 2169, 239, 2171, 1144, 126, 2182, 21, 57, 2175
1143: 1143, 2082, 112, 111, 2167, 122, 48, 44, 1141, 2171, 2172, 47, 2238, 2044, 2174, 1142, 239, 2182, 160, 60
1144: 1144, 1143, 2, 112, 44, 2075, 111, 2127, 1014, 2182, 6, 2167, 2170, 2082, 48, 107, 53, 2123, 65, 241
1145: 1144, 1145, 243, 1143, 2170, 236, 237, 108, 2121, 1013, 2119, 2120, 2075, 77, 107, 2156, 109, 4, 6, 2221
